x <- 44+77    #x<-44+77
y <- 33+88
z <- 88+99
