x <- 44+77